# Created by Octave 5.2.0, Tue Jan 05 11:09:04 2021 -05 <diegocv@diegocv-pc>
# name: v
# type: matrix
# rows: 6
# columns: 1
 3697
 3897
 4097
 4297
 4497
 4697


